0 0.301055 0.650069 0.051656 0.093056
0 0.332496 0.536979 0.043039 0.062375
0 0.778430 0.655236 0.084578 0.071583
0 0.567648 0.498556 0.055547 0.091250
0 0.800590 0.506889 0.063258 0.047667
0 0.682031 0.497563 0.052500 0.052875
0 0.565293 0.478840 0.051898 0.052153
0 0.378906 0.509722 0.059375 0.083333
0 0.323437 0.486111 0.050000 0.066667
0 0.507422 0.428472 0.113281 0.098611
0 0.955594 0.604542 0.060469 0.071000
0 0.460547 0.967361 0.099219 0.065278
0 0.274609 0.938194 0.136719 0.123611
0 0.633387 0.444938 0.087336 0.080431
0 0.258871 0.546056 0.041852 0.098833
0 0.709703 0.551840 0.060687 0.062014
0 0.626563 0.859722 0.132812 0.186111
0 0.821996 0.559021 0.068773 0.055764
0 0.424316 0.566549 0.052336 0.080403
