0 0.381578 0.490021 0.054984 0.072681
0 0.977344 0.711111 0.045312 0.119444
0 0.825617 0.553174 0.072453 0.071042
0 0.765852 0.602361 0.068687 0.075500
0 0.559059 0.775174 0.082117 0.124764
0 0.835090 0.689382 0.090305 0.084542
0 0.485961 0.466681 0.033984 0.043111
0 0.555629 0.460847 0.035242 0.038972
0 0.282715 0.652715 0.056102 0.099875
0 0.323359 0.515882 0.047531 0.090819
0 0.502848 0.649896 0.069930 0.107847
0 0.245195 0.468882 0.037844 0.045958
0 0.352063 0.438153 0.024984 0.019639
0 0.396699 0.429840 0.020930 0.020986
0 0.474445 0.467375 0.056922 0.043306
0 0.628125 0.461111 0.042188 0.047222
0 0.624609 0.497917 0.064844 0.054167
0 0.418938 0.940521 0.125469 0.116542
0 0.261043 0.540771 0.052164 0.071431
